66.691513 48.116192 637785.625000 502.734375 23.208597
67.420349 47.487072 608844.562500 505.289062 23.824081
67.790886 48.044899 636241.125000 497.945312 27.027969
68.284897 47.578548 615820.437500 498.023438 23.950806
68.661873 48.614059 646884.250000 496.875000 24.394274
68.746872 48.400406 655025.000000 499.000000 23.676550
67.866562 47.893494 627394.187500 500.476562 23.231869
67.823578 48.141659 661485.875000 501.648438 26.704952
68.647285 47.558613 648193.437500 501.937500 24.718481
69.636604 47.516628 607502.375000 505.781250 22.952576
69.278702 48.464878 648389.250000 494.750000 25.516344
68.731316 48.482681 634380.875000 499.742188 23.836916
68.522438 48.560455 648608.250000 496.203125 25.810404
67.956512 46.697933 637891.562500 498.320312 27.027603
68.505035 47.022930 633116.625000 506.085938 22.455530
68.811272 47.512680 643958.875000 500.875000 25.714846
68.950081 48.695595 631582.500000 502.531250 24.311470
68.551300 47.669914 641715.375000 500.593750 25.889576
68.546211 47.902039 637444.125000 503.179688 23.943495
68.360252 47.338642 646100.312500 501.296875 25.148434
67.628479 46.918690 594687.062500 500.773438 20.686102
68.660103 47.400005 619363.500000 504.750000 22.925232
69.071579 48.566975 660760.875000 498.960938 24.708284
68.705322 48.192566 649172.625000 501.171875 26.906031
68.348412 47.071499 609353.812500 507.593750 22.402817
67.413300 47.645107 610370.375000 498.187500 24.762508
68.333084 46.980042 640811.750000 510.382812 24.550737
68.075600 47.637493 621489.812500 501.445312 22.775902
68.535210 48.044666 630425.312500 499.445312 24.356392
67.643181 48.095737 644655.812500 498.273438 27.074890
68.434082 48.513283 630629.062500 506.843750 24.740566
68.016449 47.076984 649414.125000 505.617188 26.827133
69.224808 47.243984 587641.812500 503.398438 22.612829
67.015411 47.839729 610147.937500 500.046875 23.757738
68.033150 47.806602 651459.687500 503.359375 25.860067
68.655128 47.641232 643387.125000 502.078125 24.999714
68.899193 48.006348 633058.312500 495.859375 25.632761
68.315887 47.824921 658197.937500 502.773438 25.056608
67.528122 47.116573 629119.125000 496.976562 25.847286
67.198608 47.367599 636573.937500 507.171875 23.382639
68.241180 46.799316 663134.875000 502.945312 24.340731
68.153854 47.858688 643834.312500 505.195312 25.558771
68.435287 48.844944 636830.000000 508.031250 26.067354
68.474976 48.300629 652740.250000 497.304688 24.544252
68.138062 47.442825 628468.687500 501.351562 24.412045
67.881477 46.899021 599375.500000 503.570312 23.525970
67.981163 47.875668 643473.000000 500.359375 24.635178
69.104759 48.050629 590367.625000 499.671875 24.245293
68.400772 48.069031 610430.687500 496.234375 22.603621
68.938118 48.587955 624919.750000 503.062500 26.415102
67.778114 48.278702 622623.875000 506.140625 24.476645
68.436020 47.443302 596308.000000 508.992188 22.970722
67.501747 47.440788 656711.187500 493.085938 24.791540
68.876999 48.677269 663503.937500 495.453125 27.045732
68.121048 48.137516 623518.250000 494.171875 25.537825
69.288651 48.227131 614208.375000 498.843750 23.685246
68.408150 47.226597 630981.750000 501.406250 22.301033
68.292709 48.280037 613731.125000 502.109375 23.611053
68.519791 47.694706 637390.937500 500.187500 22.088320
68.021492 47.144302 595478.375000 499.539062 23.743645
68.059242 47.404919 646842.187500 504.351562 24.845984
68.625801 48.985371 635713.375000 498.679688 25.470160
68.024231 48.822388 631007.187500 502.359375 24.236578
68.328949 47.026543 622539.750000 508.250000 24.120224
67.944710 47.644161 617850.375000 501.953125 26.527626
68.855682 47.564198 651336.625000 501.492188 24.825550
68.400719 47.093281 641405.375000 501.421875 25.094866
68.438774 47.612610 628757.125000 502.851562 24.352415
68.320641 48.098904 602452.125000 500.304688 24.786888
69.242828 48.433872 622333.937500 495.554688 23.389330
67.705978 48.245304 637807.187500 501.585938 26.599991
67.786362 47.140713 647293.187500 499.843750 30.351818
67.678474 47.861019 614620.625000 504.187500 24.139860
68.578583 47.665188 627108.625000 493.953125 24.287958
69.168922 48.026272 630878.562500 496.203125 24.338102
68.551208 48.199791 639631.000000 503.359375 23.995115
68.228760 47.569820 637687.875000 493.476562 24.690723
67.237083 47.292877 642646.125000 502.960938 24.703287
68.642097 47.630753 605718.187500 508.140625 21.495796
68.681610 47.739616 649665.437500 495.679688 27.216452
69.465439 48.082973 613417.062500 504.273438 23.499418
67.749718 48.176292 594489.312500 509.171875 21.185303
68.002678 48.190899 637341.125000 505.484375 26.028095
67.584854 48.029984 628857.750000 505.093750 24.049761
69.171341 47.644218 628157.375000 497.593750 26.641077
67.972717 48.343628 611289.562500 499.460938 28.248857
69.260925 46.544258 601498.812500 503.523438 21.306547
68.242775 47.681450 617341.750000 503.281250 24.014347
68.491150 47.737213 627167.437500 498.359375 24.492249
67.237053 48.305050 643807.750000 497.960938 27.382452
68.542969 46.822685 623446.687500 502.101562 24.564734
67.963257 47.144699 613274.500000 509.125000 21.496395
68.715523 46.407970 631649.500000 504.085938 24.824368
68.823593 47.802723 627018.312500 500.726562 23.934328
68.505653 48.243080 643689.750000 495.703125 26.385386
68.143326 48.322929 615706.625000 500.890625 22.244770
67.703148 47.285225 633437.750000 506.351562 24.683174
68.205849 47.474842 601671.562500 497.953125 22.934513
67.496513 47.704899 639297.625000 496.875000 28.052578
68.557709 48.475822 636132.000000 498.671875 27.212223
67.606064 48.354324 623633.687500 500.148438 26.633474
68.758804 47.569313 605605.125000 507.789062 21.829086
68.326736 48.164944 627327.750000 501.765625 25.925516
67.940987 48.139954 635037.250000 497.921875 25.648800
67.142784 47.113453 646184.625000 505.359375 26.509649
67.578262 48.571667 648083.187500 494.656250 24.747347
67.887070 47.864006 651867.750000 500.304688 22.940077
68.961952 48.229668 640194.875000 496.632812 26.995686
67.325668 47.759132 635810.625000 495.015625 26.657742
67.536049 47.192429 634105.375000 502.875000 22.057590
67.616547 47.589016 646455.500000 498.781250 25.751102
67.398903 46.994183 617190.250000 502.835938 24.287836
68.255608 47.436241 606341.812500 512.867188 21.825842
68.257027 47.758537 634301.062500 502.742188 24.815531
67.423965 48.558849 654411.750000 503.679688 24.747044
67.533630 47.793327 628917.187500 509.468750 23.007856
66.843163 46.956959 626426.937500 497.453125 24.168661
67.606300 46.827072 634451.625000 496.742188 24.157896
67.891258 47.958073 653265.250000 499.078125 25.782564
68.417564 47.273228 620612.187500 495.984375 25.393457
67.941689 48.762882 653152.500000 496.257812 24.300749
68.054832 47.754055 630629.250000 499.937500 25.602268
68.452248 47.614952 652962.000000 498.414062 25.535923
68.278404 46.352142 611457.687500 507.078125 23.263885
67.996964 47.606228 632358.562500 499.656250 25.255178
67.745651 47.956493 616884.625000 508.359375 22.866428
68.956970 48.832222 634750.000000 498.835938 24.613653
68.612053 48.406258 627324.625000 497.734375 25.447226
68.324272 48.552372 621809.000000 502.906250 24.270672
67.389519 46.568775 633842.187500 496.953125 24.006632
67.865524 47.433456 604832.625000 505.531250 22.931957
67.664665 48.122463 641202.062500 498.812500 25.384134
68.778854 48.320999 620056.562500 501.210938 25.783707
68.139008 48.183117 622692.125000 499.257812 25.544844
68.391022 47.446331 572445.375000 503.093750 19.377775
67.389946 47.954113 612234.187500 499.406250 26.476339
67.816628 47.224125 615002.125000 501.875000 25.305447
67.365059 47.580235 620358.562500 504.148438 23.601162
68.498199 47.484425 676266.375000 498.406250 25.325239
68.450600 49.041187 636567.000000 499.171875 24.726593
68.612457 47.881958 601702.375000 499.125000 26.720631
67.340477 47.080364 597952.562500 504.328125 21.979404
67.711235 46.946991 605080.750000 509.125000 23.420853
67.452110 47.308781 632098.187500 503.757812 24.937113
68.691902 47.250484 608069.500000 502.414062 23.058348
68.827713 47.703938 613369.937500 503.242188 22.164925
68.117729 47.778419 638936.250000 497.984375 25.120420
68.225525 48.063801 618175.375000 502.062500 22.226389
67.389809 46.057331 617743.812500 499.273438 24.386448
68.355927 46.156963 610448.687500 502.046875 22.970928
67.930061 47.335369 608699.375000 503.015625 25.273966
68.835793 48.127411 624705.375000 490.703125 23.216492
68.214272 48.054630 635498.125000 507.117188 24.563690
67.885834 48.732597 618519.687500 502.117188 25.931675
68.281143 46.646755 627828.812500 499.320312 22.759409
67.931305 46.824333 608644.562500 505.195312 21.745010
67.541626 46.985039 596398.187500 504.015625 24.340828
68.917946 48.073730 615045.875000 504.210938 25.616028
67.678085 48.036728 621935.312500 501.726562 23.616182
68.206146 48.034264 617534.062500 502.445312 25.398811
67.630875 47.111221 620721.750000 504.156250 24.511360
67.399300 46.787945 618568.562500 501.320312 25.435059
67.470428 47.609856 611481.875000 505.414062 23.142012
67.238792 47.948017 631801.437500 497.671875 24.136633
67.856171 47.245136 594729.750000 503.625000 23.132507
68.448769 47.779846 648249.125000 493.960938 24.973930
67.486618 47.673767 598068.750000 506.398438 24.340918
67.123573 47.425529 604757.375000 497.687500 27.101761
66.397926 46.726250 612973.125000 500.796875 26.143064
67.777946 47.007477 604484.000000 504.484375 23.296593
67.388756 47.698456 638539.875000 507.085938 24.939201
68.140068 48.010338 614908.250000 491.296875 25.849762
67.049797 48.789047 627779.750000 496.210938 26.566866
66.994957 47.148895 626378.937500 496.734375 27.705688
67.475006 47.458336 626412.500000 495.984375 25.913155
67.524498 47.244381 614207.375000 508.359375 25.258310
68.021233 47.216976 608054.500000 506.601562 22.722496
67.674973 48.285042 634532.937500 497.382812 25.323303
68.623337 48.635242 598126.750000 503.554688 25.323841
67.901939 46.861820 625455.125000 499.656250 24.629362
67.536842 47.531734 603449.000000 499.875000 24.429543
67.745529 47.120453 619695.312500 499.273438 25.767111
68.244629 47.341736 600023.937500 514.976562 22.240158
68.925842 47.748161 622926.000000 497.210938 26.527151
68.618401 49.016560 656732.437500 498.390625 29.521730
68.106552 47.714989 620622.250000 499.750000 24.471920
68.173424 47.037575 641615.375000 488.531250 25.012215
67.531471 46.765770 628407.250000 496.039062 23.369833
69.374344 47.279034 639550.812500 496.015625 27.047258
68.576591 47.715042 627872.875000 498.304688 25.625690
69.161949 47.659233 622505.437500 499.820312 23.845888
68.464493 47.757812 655876.375000 499.554688 26.181499
69.618416 46.989639 616465.375000 498.101562 24.636951
67.989059 47.064102 634721.875000 502.476562 26.914129
69.564102 46.682213 629180.187500 497.664062 24.560347
68.477592 47.619595 637095.187500 496.070312 24.422882
69.138321 47.973583 618797.500000 501.375000 25.667873
69.154259 48.673912 664355.125000 501.015625 27.869688
68.404335 46.792698 621438.812500 506.695312 24.078066
68.822258 47.592422 631486.187500 497.765625 25.676878
68.138832 46.206173 627071.125000 499.812500 24.467976
68.473557 47.818199 653431.812500 498.078125 26.927183
68.824799 46.794418 630440.625000 501.156250 23.066952
69.199165 48.086994 650313.500000 504.453125 24.990614
68.947891 48.115406 613015.125000 502.484375 26.500776
68.422562 47.365280 620890.875000 501.773438 26.391136
67.474953 47.645855 645405.750000 494.875000 25.534464
68.866730 46.868538 636752.687500 502.101562 24.574369
69.132538 48.112785 622363.375000 499.007812 25.104218
68.363274 47.504116 633046.875000 502.101562 24.145483
68.585075 47.575130 629184.250000 502.664062 24.432034
68.126297 47.380871 610608.625000 500.406250 26.452093
67.772835 47.895908 638359.750000 502.804688 25.379961
68.469536 46.802063 645461.000000 500.500000 24.935518
67.537186 47.940495 622663.687500 502.820312 26.528025
68.615730 47.724262 651105.062500 495.406250 27.465471
68.436409 49.122005 632712.750000 502.148438 25.350660
67.714516 47.831532 623661.000000 503.593750 23.722618
67.158569 47.418217 649852.312500 494.898438 26.120430
67.097969 47.751766 661459.500000 499.320312 29.355427
68.023773 48.298756 649907.500000 495.429688 26.662411
68.728203 47.068245 646226.750000 501.687500 26.091717
67.424835 47.836143 602958.625000 499.945312 25.374416
67.619972 47.544056 623900.250000 504.250000 22.324934
67.453049 47.556412 646374.875000 500.656250 23.559856
67.605713 46.906235 645151.625000 500.804688 24.751133
67.397926 48.183910 656205.937500 501.781250 25.130804
66.878777 47.590561 586991.875000 496.796875 23.695724
67.834511 48.521034 671941.312500 500.726562 24.965214
67.849205 48.122997 635004.500000 501.218750 25.433662
67.616875 48.405357 610165.312500 504.109375 24.947069
67.426750 47.800762 630081.812500 507.726562 26.041624
67.545937 47.718285 639160.500000 503.843750 23.015762
67.740425 46.865387 635258.500000 503.429688 24.140581
68.020622 48.521385 624842.687500 499.164062 23.790409
67.494217 47.534042 632014.500000 506.484375 24.159077
68.909210 48.287701 619636.125000 501.281250 25.163626
67.547775 48.192268 632339.687500 506.101562 25.966045
67.788811 47.083618 612586.687500 503.742188 21.877163
67.038780 48.120403 643713.500000 499.218750 26.142357
68.282280 47.064732 614206.750000 498.843750 23.735231
68.571648 48.011616 639083.125000 498.023438 25.333807
68.143692 48.163570 621283.750000 500.992188 26.305758
67.466248 48.386940 648868.500000 498.812500 23.629982
68.701569 46.556240 639160.500000 503.031250 24.828085
67.397079 47.495747 626458.812500 495.101562 25.973623
68.121162 46.521954 619373.000000 497.718750 23.569580
68.362770 48.020996 626816.187500 500.757812 26.581949
68.535980 48.138298 605318.687500 501.890625 26.014601
67.701965 47.644688 644150.625000 502.617188 25.854866
67.926849 47.688786 616571.625000 497.468750 22.063578
67.932144 47.574501 623196.812500 497.523438 24.515734
68.237015 46.565697 629535.000000 501.023438 25.367031
69.072517 47.290073 612349.187500 503.914062 24.186533
68.772972 47.211128 604238.125000 503.859375 25.136642
68.573418 48.449795 608620.000000 498.953125 23.278654
68.426643 47.146847 625371.125000 497.664062 22.208908
68.308563 48.384670 615957.937500 504.078125 25.756918
68.200859 47.416782 638100.562500 493.851562 27.780304
69.158257 47.246006 619436.000000 498.375000 24.538441
68.184822 47.662086 610373.000000 503.593750 26.531492
68.863670 47.972595 625989.937500 499.687500 25.954725
68.370804 48.511234 630480.375000 494.804688 25.095140
69.659500 47.252460 607637.000000 503.710938 22.516535
68.416786 47.385521 637661.375000 498.078125 26.010397
68.002525 47.341885 621018.125000 497.867188 26.757753
68.482430 47.891712 608378.375000 498.632812 23.268856
69.512321 47.846516 608286.875000 503.929688 23.743191
68.888611 48.275276 620799.375000 503.859375 23.471060
69.783508 47.051067 603041.250000 504.687500 23.560259
67.833603 48.016045 601323.062500 507.406250 24.991190
68.047714 47.416080 635294.562500 495.304688 26.778645
68.479294 47.176945 616410.875000 506.632812 25.587509
68.758957 48.139881 617073.312500 501.351562 24.638437
69.351677 49.128727 598322.625000 499.390625 22.739872
68.895905 48.082996 592520.625000 500.531250 23.231825
67.313980 48.043980 655443.500000 497.242188 26.353598
68.049797 46.263710 658843.250000 496.507812 24.590767
67.391663 48.349079 640384.750000 498.656250 26.944267
68.862030 47.815712 654209.812500 500.445312 25.457338
68.906670 48.309597 628805.562500 497.351562 24.799654
68.240654 48.990524 641930.437500 502.273438 26.327129
68.483955 48.796417 628011.750000 502.484375 24.409117
68.540161 47.182961 600234.187500 497.476562 22.509155
67.928391 48.109440 608330.875000 498.625000 25.125643
68.011337 47.596100 659918.000000 494.382812 27.692022
69.241211 48.047623 612171.625000 502.898438 24.719667
68.525490 48.875187 646394.000000 503.171875 25.436388
69.196434 48.731441 617943.250000 499.718750 27.316317
68.204948 48.691353 650901.062500 504.359375 26.750401
69.307129 47.406418 602758.062500 505.468750 24.100922
68.006775 47.925335 662364.500000 495.851562 25.404995
69.017738 48.409515 638852.562500 503.835938 24.634701
68.330246 47.953712 621022.375000 496.414062 25.045401
69.399773 48.877197 641020.375000 497.257812 26.878590
67.645157 48.698589 651745.375000 502.234375 25.545595
68.967163 46.927868 618323.687500 499.132812 24.526587
67.831985 47.585854 641659.500000 505.265625 23.810322
67.870087 47.712585 648451.875000 498.523438 25.154423
68.385849 49.062981 629021.312500 493.195312 25.366749
68.217010 47.808651 621794.500000 499.015625 23.852762
68.273186 48.562325 628136.750000 499.304688 23.868492
68.709999 47.483273 579396.000000 502.000000 24.971848
67.242783 47.734089 625640.187500 501.226562 26.464607
67.292671 47.005421 610309.500000 501.750000 23.873432
68.450851 49.181423 622963.437500 502.843750 26.587145
68.904251 48.207962 630648.000000 504.046875 26.190437
69.512909 48.582119 601737.750000 495.328125 24.336937
68.053986 48.326855 629940.937500 505.929688 25.118860
67.479240 47.851486 609083.687500 500.015625 23.882431
66.906235 47.441700 629618.625000 498.992188 26.802883
69.298706 48.236404 636382.750000 500.289062 26.302990
68.908890 49.219105 640561.250000 497.890625 24.772575
68.939667 48.087921 635078.937500 499.078125 25.114592
67.880730 47.569046 617707.000000 505.867188 21.343847
68.048012 48.089809 646201.375000 495.187500 25.872690
68.584671 47.635044 623179.562500 499.585938 24.013605
68.169960 47.450676 624177.250000 498.250000 24.815678
68.158958 48.122219 601420.250000 506.750000 21.017061
68.579918 48.336102 608208.875000 503.281250 23.152529
68.279984 48.414783 634110.437500 495.179688 25.074886
68.544975 47.703625 610706.187500 507.406250 22.781633
68.078369 47.216801 647183.437500 501.054688 27.656979
68.451752 47.541431 622521.000000 500.562500 24.391880
68.781891 47.845051 615844.750000 501.093750 22.999918
68.556046 47.872368 604242.000000 502.148438 23.679243
68.470421 48.626232 643149.375000 498.742188 26.918478
68.985100 48.266811 612905.875000 499.742188 25.864103
67.873428 47.480625 622420.125000 508.765625 23.036732
68.083725 46.882462 616682.625000 506.304688 25.798813
68.397911 48.223721 644746.937500 499.367188 24.258179
68.545242 47.744644 637923.812500 503.671875 22.759388
68.265175 49.057644 651759.625000 495.921875 27.596802
68.873886 47.536495 647583.375000 501.531250 25.612976
68.025993 47.820423 636178.000000 498.179688 23.505394
67.583153 47.404613 640653.625000 494.906250 24.679441
68.350479 49.192081 640254.000000 499.078125 26.841702
68.168892 49.171783 653224.375000 488.921875 26.460312
69.228722 48.475208 663638.562500 497.039062 26.164434
68.009735 49.010323 633168.812500 497.570312 24.986330
68.326271 48.886723 632916.812500 495.851562 23.941952
67.990501 47.093285 605058.500000 497.718750 21.737722
68.294281 48.049782 625238.437500 505.914062 24.857939
67.631233 48.933102 646050.812500 499.242188 26.885519
69.359100 47.366714 618064.625000 502.882812 22.554638
68.295586 48.344540 625107.750000 502.023438 25.614355
68.813675 48.321426 639364.875000 498.203125 26.701868
67.789825 47.757816 619322.750000 507.835938 23.379488
68.207680 47.859203 607040.062500 505.367188 24.871624
69.158699 47.383930 647604.750000 502.914062 23.498344
69.288902 47.451878 616266.875000 504.726562 23.614754
68.387527 49.588280 636145.312500 500.945312 27.870010
67.723061 48.727867 629229.062500 499.085938 26.179794
68.368980 48.662251 639573.562500 503.187500 23.987715
68.317474 47.037609 617553.437500 503.351562 21.148430
68.457253 48.006111 607804.250000 509.117188 22.754648
67.605881 48.524857 631718.250000 498.835938 25.665453
68.239342 49.066261 649963.187500 495.937500 25.088375
69.101089 48.551548 639232.250000 507.062500 25.188501
68.074661 49.150787 651717.625000 497.109375 25.946154
68.017708 48.297665 644793.437500 505.929688 26.136187
68.197884 48.161423 626206.687500 496.828125 26.048620
68.337067 48.465092 622404.187500 495.085938 24.491652
69.117661 49.451023 631813.875000 493.609375 26.248737
68.413383 49.410259 622893.750000 505.429688 24.755989
68.408424 48.862164 630303.250000 498.679688 24.820993
67.782707 48.327972 633613.062500 503.171875 25.824635
68.366508 48.608135 634194.875000 500.921875 25.228525
67.970711 48.464157 634888.187500 498.976562 24.958620
68.878578 47.821465 607928.062500 498.640625 22.024960
68.672379 48.878483 625129.500000 500.468750 25.707314
69.572487 49.140022 645863.250000 501.054688 24.238943
68.559685 49.549789 641855.312500 493.851562 27.981138
67.749100 48.084663 634446.562500 501.156250 24.044100
67.992256 47.947002 631204.000000 496.328125 25.578285
69.255226 47.552677 612383.062500 497.562500 24.047750
68.627045 49.296528 621711.875000 504.187500 24.998117
69.247772 48.259060 626192.062500 502.164062 25.242760
68.047409 48.058067 597347.062500 508.085938 23.627831
68.777122 48.922955 621958.750000 503.664062 26.382965
68.207169 48.531769 649833.625000 497.359375 26.250635
69.020401 48.144802 627434.625000 500.101562 24.075018
68.312836 48.143475 618575.625000 500.007812 24.502077
69.034615 49.045864 625086.437500 500.835938 24.346447
69.046005 49.696953 634217.125000 501.671875 24.351377
68.221291 49.436539 643359.812500 499.757812 25.468409
68.703011 48.272400 600216.437500 502.070312 23.831593
67.741676 48.762802 648013.625000 497.312500 27.063475
69.408203 48.981796 637148.812500 502.898438 25.009586
69.122803 49.430672 640162.812500 499.640625 23.313910
69.507149 49.220325 591909.500000 508.500000 20.921709
68.343460 48.725735 615222.125000 503.695312 25.334091
69.482582 49.267696 636297.187500 496.742188 26.998434
68.750221 49.247307 603190.250000 507.523438 24.347746
68.968018 49.015991 632057.937500 500.281250 29.092335
67.905472 48.886307 653754.562500 501.835938 25.419474
69.984154 48.686138 606173.937500 493.570312 24.874197
69.663261 49.391804 617148.500000 499.281250 24.016476
68.885323 48.901073 640462.625000 502.921875 23.443951
67.940834 49.029934 635844.812500 497.484375 25.510286
68.722305 47.727398 648246.312500 503.539062 26.122398
68.445190 49.080563 619427.812500 503.179688 22.348696
69.469795 48.288563 612934.875000 504.523438 23.782442
67.969589 48.701660 627886.375000 505.187500 25.363335
68.340820 49.442474 624230.437500 499.882812 23.850494
67.983559 50.095840 649985.625000 495.687500 27.705122
67.998108 47.780941 600556.875000 507.843750 23.108328
68.029900 48.420658 601816.312500 505.914062 25.330172
67.834709 48.957874 637694.375000 503.875000 24.629297
68.449455 49.710819 625338.000000 502.500000 27.711739
68.411865 48.869648 625091.812500 499.445312 25.043720
67.905182 48.181583 601399.312500 500.437500 25.977627
67.056282 49.285435 627867.312500 502.406250 23.754755
67.527687 47.714237 643153.187500 503.914062 23.515915
68.256119 48.710419 652937.500000 499.851562 25.023510
68.619041 49.426380 630604.687500 495.492188 25.715952
68.207832 48.963558 608905.562500 503.421875 26.050783
67.853935 49.852432 646891.000000 500.476562 25.529245
67.670662 48.628807 622631.500000 500.421875 24.175488
68.647034 48.504353 629999.750000 503.109375 27.259171
67.364372 48.061558 634159.250000 502.250000 24.164694
68.385880 48.880650 634310.312500 501.343750 26.575579
68.963219 48.988003 610075.437500 502.359375 23.742477
68.489983 48.230740 627126.187500 497.585938 23.918213
68.761917 48.570492 655644.125000 494.015625 25.911650
67.976486 48.249054 634091.875000 502.656250 27.269012
67.420929 48.198090 637849.937500 496.359375 27.514343
68.898689 47.428387 632980.250000 500.273438 27.282831
68.045212 49.472305 644964.937500 504.554688 28.051855
69.334686 48.824665 606157.250000 500.703125 20.525955
68.790924 49.051670 598893.562500 495.601562 23.866631
68.600067 46.861916 623522.562500 504.828125 25.730661
68.092850 47.281651 605883.500000 502.500000 21.096872
67.967987 48.723904 611389.250000 501.687500 26.576876
68.642990 48.856434 615389.375000 498.632812 25.400631
69.268646 48.829239 610502.875000 499.085938 25.520758
68.709236 48.316929 611718.312500 500.632812 22.893097
67.727997 47.909374 590305.625000 500.921875 23.710987
68.044609 47.600128 613097.375000 500.554688 23.009136
67.401543 47.520622 619782.750000 495.851562 25.375212
69.395103 48.866211 610389.500000 500.578125 24.116333
68.192619 48.678547 608834.062500 503.468750 24.175192
69.278320 49.363029 620483.750000 495.750000 25.369957
68.160477 47.939484 639263.937500 497.359375 25.490364
68.043526 47.781445 629226.875000 500.445312 25.421459
67.303955 48.264050 629713.500000 497.179688 26.036222
68.361282 47.755054 615939.125000 501.609375 27.275593
68.450180 49.000591 612576.375000 500.648438 23.860180
69.569450 48.275616 626533.812500 503.632812 20.912205
68.184868 49.060772 611219.500000 506.179688 23.144817
68.274246 48.218113 632384.000000 504.750000 25.214018
67.759071 47.030827 625670.125000 502.468750 24.589167
68.855705 47.119122 607606.187500 498.539062 25.500771
68.527863 49.840401 627622.375000 503.414062 26.115219
68.655556 48.338398 616846.437500 503.929688 22.484423
68.660019 48.816685 633141.875000 498.804688 24.690319
68.736832 47.767769 622088.375000 506.031250 26.062027
68.719177 48.152767 625561.000000 501.500000 24.766262
68.265221 47.605450 644406.062500 495.062500 27.323021
68.735672 47.852066 629317.750000 502.398438 25.725754
68.306114 48.540077 637974.812500 501.593750 25.418745
70.037811 49.482346 620578.562500 500.914062 24.857729
68.583069 48.688782 630775.062500 500.085938 25.224632
68.678246 47.542500 627575.937500 500.914062 23.514360
67.860168 47.208832 645871.000000 501.406250 24.940296
67.805656 48.529778 656516.562500 501.828125 26.234009
69.107597 48.264896 625724.500000 503.914062 23.648937
69.053871 48.965740 625903.875000 499.484375 24.454578
67.767090 48.373295 626510.625000 508.039062 25.206079
68.099640 47.484303 601149.000000 505.445312 24.575642
67.167839 48.335590 629766.125000 500.406250 25.797720
68.723000 46.802597 646487.500000 501.460938 23.907251
68.504707 48.094902 657130.750000 497.890625 26.487616
67.828308 48.279480 622493.750000 501.093750 25.558529
68.769196 48.082397 596441.250000 504.250000 22.348848
68.506462 47.045277 624708.500000 501.156250 24.045908
67.760216 47.331703 625470.625000 506.781250 24.737228
68.733429 46.720181 619920.125000 494.984375 25.131334
67.868935 47.937412 643444.937500 497.710938 26.658735
68.784370 47.111168 612999.500000 498.382812 25.468916
68.077576 48.035412 656146.500000 504.929688 26.246981
67.712822 47.351887 625031.187500 500.023438 26.427153
67.405922 48.161934 625967.750000 502.250000 26.885584
67.557884 45.838493 627606.375000 498.515625 25.140148
67.680000 46.885136 624573.500000 504.312500 25.077047
69.016220 46.561111 604984.937500 501.273438 25.462032
67.647949 48.913158 617580.250000 503.734375 25.673956
68.004105 48.482555 640735.187500 498.140625 24.884781
67.652534 47.851227 619449.375000 500.015625 26.425850
67.559647 47.764809 621410.437500 498.914062 25.079569
68.079308 47.220097 610560.500000 502.867188 25.089090
67.656975 47.074127 605940.500000 498.265625 24.266649
68.284973 48.325329 614534.625000 504.609375 24.136654
67.505432 48.357697 612078.750000 502.585938 23.393534
68.703354 48.505844 613107.375000 495.320312 25.229305
67.605606 47.212082 621326.687500 497.015625 24.646976
68.691650 46.660812 623325.562500 506.460938 23.540098
67.446877 47.195679 616801.687500 498.257812 25.054575
68.961250 47.904335 604383.875000 495.289062 24.077536
68.282089 48.894001 661600.750000 496.046875 27.053677
69.032593 48.038967 619487.000000 495.070312 25.834663
68.047821 47.698994 608753.687500 495.671875 23.534235
67.820854 46.870743 624223.687500 499.226562 25.907206
67.719910 48.171574 639497.250000 502.656250 25.593435
68.278999 47.626411 623393.500000 502.492188 26.331532
68.873772 47.758850 598386.375000 506.710938 23.948820
67.799110 48.239212 608072.500000 499.570312 24.791853
68.378403 48.468330 604652.437500 495.437500 26.338438
67.774071 46.962456 591876.187500 499.710938 24.232136
68.228096 47.424007 598306.375000 498.156250 26.655750
67.531723 47.568428 638928.687500 495.648438 24.156143
68.986702 48.420357 591840.750000 498.632812 24.134800
68.163513 47.690365 621223.312500 495.960938 26.164801
68.696167 47.455486 624701.000000 494.242188 25.303970
67.342865 48.005791 633836.500000 491.632812 26.959274
67.953651 47.445019 629205.500000 505.140625 22.582121
68.265442 47.599045 632579.875000 494.726562 25.336462
69.038795 47.704300 611872.687500 502.132812 26.196293
68.413475 47.965748 587808.187500 506.632812 23.292471
68.205872 48.699287 611030.125000 496.664062 27.802765
67.991737 47.667381 598244.187500 504.960938 23.929529
68.488556 47.091122 616750.750000 500.453125 25.643488
68.242180 48.723202 609760.250000 497.585938 25.926525
68.592598 47.583607 618272.312500 493.617188 25.977898
68.643402 46.624802 615767.875000 501.468750 25.138542
68.397942 47.157135 590298.000000 496.750000 21.966314
68.598953 47.578564 607583.187500 504.695312 22.840500
68.681984 47.550869 617511.750000 504.281250 24.500250
68.001915 46.586605 631310.687500 495.023438 25.951616
68.060043 47.043301 601701.500000 498.531250 26.866400
68.483452 47.107376 599619.937500 495.828125 23.490786
68.602325 47.497913 617204.000000 503.125000 23.026285
68.736504 47.062950 617463.500000 502.562500 25.744476
68.881706 46.325600 621090.500000 494.539062 27.335176
68.002182 47.956665 635703.125000 502.632812 26.360100
68.333961 47.046688 603905.562500 501.804688 28.142475
67.327332 46.462704 591453.562500 498.828125 22.129070
68.477982 47.916943 623996.000000 496.484375 25.546213
69.204842 47.639820 588478.312500 502.835938 25.928293
68.693619 48.413799 628991.875000 494.515625 26.686388
67.527245 48.258610 618128.750000 496.882812 25.701107
67.196114 46.995327 611527.750000 501.453125 25.988415
67.861031 47.665482 590577.937500 502.601562 24.087944
68.025543 47.852604 632564.812500 496.640625 27.865318
68.728310 47.728874 608290.250000 497.812500 24.812632
66.728477 47.213627 594829.937500 498.320312 23.291065
68.713913 47.328144 633062.250000 502.507812 24.211651
67.920181 47.794659 597575.500000 505.828125 22.115776
68.602745 47.277462 618956.500000 501.648438 24.446306
67.170616 46.960926 643588.312500 499.671875 23.760521
68.723198 47.557793 612384.000000 499.523438 24.199301
68.300247 48.729546 616392.375000 494.742188 26.593479
68.820641 47.356335 619501.375000 498.367188 26.237574
67.390633 48.264503 622796.250000 501.273438 27.428486
67.659088 46.709179 619530.562500 497.296875 26.413452
67.378548 47.183357 620553.625000 501.945312 26.304609
68.839188 47.076473 595775.125000 501.835938 23.617085
68.251938 47.794209 621477.375000 497.875000 26.692554
67.804588 47.929699 588506.187500 504.554688 26.435116
68.086891 47.668316 613516.875000 501.906250 24.284939
68.293739 46.777737 622339.312500 500.742188 24.696545
68.184288 46.581745 615846.125000 500.531250 26.788477
67.682426 47.237049 619488.250000 504.140625 22.078112
68.794449 48.273876 606167.500000 494.992188 22.248001
68.334335 48.054340 612307.125000 502.906250 26.237206
68.255020 47.831421 600560.437500 498.093750 27.200895
68.436607 46.878738 635619.000000 496.203125 24.940790
67.433174 47.541683 607829.812500 502.226562 25.642319
67.800644 46.659428 614658.187500 505.046875 24.912720
69.213234 47.078907 602547.000000 504.054688 24.035839
68.279404 47.681160 611960.000000 501.000000 26.063074
68.858398 47.533173 596205.875000 503.312500 24.760248
68.325554 47.884247 636249.625000 500.953125 25.085066
68.750877 46.521641 587165.062500 507.265625 23.142958
68.042191 45.692959 584494.687500 500.710938 24.607927
68.353539 47.174973 634151.187500 495.921875 28.124014
68.594406 47.404209 587508.875000 498.796875 24.156359
69.809242 47.292015 629925.500000 502.867188 24.644133
68.418495 47.172752 614239.875000 499.039062 23.707224
68.011292 47.510143 621784.000000 502.968750 25.857801
68.614517 45.077702 588739.875000 500.179688 23.304359
68.720566 46.223221 576044.250000 507.570312 22.599096
69.201523 46.875305 639431.812500 493.867188 25.582920
68.759354 47.850704 588715.375000 504.828125 24.220089
68.645737 48.227135 616175.375000 494.429688 27.035578
68.856621 47.431541 622939.187500 497.242188 27.297392
68.474213 45.519035 640572.875000 500.531250 26.681206
67.822899 46.481766 621055.812500 498.601562 26.032408
68.634491 46.869629 617621.312500 499.859375 22.282787
69.329910 47.051876 612409.000000 499.843750 25.715942
69.427910 47.233944 591974.125000 504.796875 24.263889
68.919197 47.940601 635010.437500 503.890625 24.920807
67.804550 46.892662 588658.000000 504.625000 22.104929
68.092934 47.065823 605987.312500 502.898438 26.790054
69.197456 47.139725 629358.625000 497.820312 26.828524
68.684044 48.102551 594903.062500 503.085938 25.750507
69.149101 48.303585 598139.625000 498.523438 25.225983
68.268562 48.120522 611365.062500 497.820312 27.753563
69.325310 47.449547 632934.875000 500.093750 25.652857
68.529121 46.951546 609012.375000 498.898438 24.029453
69.324287 46.944118 601729.125000 503.914062 25.626738
68.100883 47.478729 597655.500000 499.679688 24.458441
69.359848 47.036964 592452.312500 493.906250 25.739489
68.543282 48.807980 616796.375000 500.906250 26.809879
69.476097 47.944908 617317.187500 498.046875 26.280853
68.031624 46.914406 633941.125000 498.914062 25.381586
68.457321 46.557842 593081.937500 500.617188 24.532215
69.024086 47.584415 633416.000000 501.750000 25.562611
70.321754 47.617317 593180.000000 498.820312 23.012100
68.917740 48.325714 578024.562500 505.359375 22.694504
68.578827 46.418266 613070.750000 499.257812 25.680609
69.358612 46.730522 575121.750000 501.109375 22.276049
68.736458 47.020103 589171.000000 501.929688 25.836252
69.550682 46.573421 597691.812500 500.804688 21.665087
69.078598 47.036953 604290.500000 499.585938 24.577951
68.753120 48.723106 607745.062500 502.859375 24.610163
69.516899 48.069374 589111.000000 497.039062 27.266390
68.824669 47.354649 595935.000000 502.671875 24.122009
67.725121 47.015556 593664.562500 500.984375 23.514635
69.183281 47.354034 627185.000000 497.125000 25.355339
68.601753 48.311424 589683.062500 506.531250 22.449577
69.010902 48.153687 624106.937500 498.570312 28.033443
68.808990 48.297737 601760.000000 505.820312 22.582048
68.504333 48.604752 614574.000000 498.203125 24.662079
68.503365 47.002449 604134.750000 504.062500 22.595078
68.848190 46.667233 615028.750000 496.695312 24.408831
68.281914 47.705730 615845.562500 503.835938 25.481060
68.720581 47.688137 621276.000000 502.000000 26.888311
67.930702 48.563717 648926.750000 498.593750 27.978966
68.691719 47.779491 614247.625000 499.531250 26.311617
68.576752 47.148861 601007.437500 497.835938 22.741211
68.160477 46.366676 587247.250000 507.085938 23.938923
68.465820 47.009151 582989.750000 501.539062 24.734842
69.294113 46.874229 596219.312500 500.640625 24.471581
68.388885 48.399681 594540.625000 506.171875 24.064077
68.272385 47.853977 621112.500000 502.656250 26.557026
67.854729 48.017319 620945.750000 501.859375 25.745176
68.921280 46.318279 606867.312500 500.031250 22.904406
68.328331 46.593243 589129.187500 503.890625 24.109016
68.010612 47.073406 610294.000000 499.500000 26.592051
68.252060 48.773544 625914.687500 499.328125 25.679268
68.189140 47.508873 630870.750000 501.898438 24.605076
69.215012 48.592205 608832.625000 499.945312 25.320198
68.511589 46.794212 615538.437500 503.226562 24.785919
67.822876 47.057251 601571.812500 501.585938 21.728321
67.828316 47.983616 623635.375000 502.390625 27.272537
69.665512 48.264469 609448.250000 505.460938 25.184401
68.915009 47.761765 620086.375000 500.320312 25.800961
68.651848 48.412975 605792.687500 503.210938 25.144348
67.285904 48.132122 616558.187500 496.429688 23.896255
68.551781 47.482559 602001.625000 501.406250 25.561382
67.847084 46.802963 621701.375000 497.726562 25.763872
68.603271 47.085331 575734.125000 503.992188 23.883755
67.342133 48.183006 620235.375000 498.234375 24.744951
68.099792 48.084530 639521.625000 497.046875 26.045729
67.862839 47.389996 569797.250000 497.976562 26.658649
68.398445 46.883633 604837.125000 502.156250 25.265146
67.296478 47.549187 630738.375000 502.539062 28.010643
67.735970 46.513115 621843.625000 501.226562 26.488245
67.547234 47.405109 603825.500000 500.140625 24.671202
68.376389 47.121357 611834.562500 502.093750 27.066128
68.496262 48.300865 608030.875000 503.593750 26.159447
67.748825 46.450661 599762.625000 504.093750 24.648039
68.111259 46.342987 647759.250000 500.148438 24.971661
67.899124 45.614410 593905.750000 496.281250 26.813648
67.514198 48.332905 624201.500000 502.406250 25.692127
68.239548 47.766945 609350.250000 502.960938 23.754478
68.490021 47.019386 603242.750000 504.460938 23.117874
67.922760 47.134022 616614.312500 502.015625 25.033262
68.187073 47.019394 600413.687500 502.320312 24.135933
67.339554 47.375729 628482.875000 496.710938 25.416641
67.608276 46.729752 605954.500000 505.921875 25.409182
67.902306 48.250496 596432.250000 506.593750 25.262686
68.559464 47.343491 587398.375000 502.007812 24.056311
68.075615 47.644890 587894.562500 504.710938 23.956594
67.964539 46.492790 640394.375000 492.875000 27.126663
67.603386 47.769535 622859.062500 498.984375 25.116713
68.425415 47.143532 586352.000000 505.171875 20.259474
67.832054 47.565727 623299.000000 506.921875 25.408119
68.901413 45.856712 579004.562500 500.945312 22.760649
68.206200 46.888474 609468.625000 507.031250 25.741699
68.834862 47.019753 614129.187500 498.460938 23.859964
67.177727 47.536541 614800.500000 496.843750 26.251520
68.007225 45.778763 613889.375000 500.640625 24.449217
67.702820 47.671490 634924.062500 500.296875 28.718971
69.184189 46.870705 617110.937500 500.078125 27.801531
68.615158 47.535984 574053.687500 501.265625 24.727680
68.246300 46.574894 604836.125000 502.765625 23.561552
68.012619 47.611069 637105.250000 499.921875 26.003525
68.554649 45.827824 608502.312500 500.335938 23.630081
68.176399 46.342113 635617.187500 503.648438 25.195255
67.926720 46.433891 619919.875000 505.875000 25.307421
67.724121 48.124321 624987.687500 500.140625 26.177076
68.689888 47.453213 588441.000000 502.250000 24.485250
68.388016 47.276104 602520.625000 499.695312 24.863493
67.758965 46.968330 605224.125000 497.148438 24.711010
67.742607 46.939350 615235.687500 496.156250 26.080202
67.364471 47.709152 650324.687500 494.234375 26.582771
69.256493 47.961914 625967.687500 500.953125 27.274656
68.877007 47.975235 619739.875000 498.320312 24.526627
68.082581 47.949268 609458.750000 500.125000 24.578629
67.433525 47.223202 603000.187500 504.289062 25.056147
69.011742 47.505165 648742.000000 496.734375 25.185442
67.868629 47.294304 625795.000000 502.609375 25.742403
68.816139 47.757812 620628.562500 504.757812 24.839699
68.303154 48.130669 617973.250000 501.632812 25.753057
69.614456 47.134724 574115.812500 506.570312 24.832960
68.776344 48.341843 653310.375000 491.695312 25.757074
68.235710 47.691528 606724.750000 500.218750 26.443033
68.494980 48.244473 629249.125000 497.093750 26.719511
68.910873 46.627262 618484.250000 498.718750 25.852386
68.793526 47.041275 584675.750000 501.039062 23.578615
68.847298 47.427841 612269.750000 504.625000 26.159693
68.224449 48.322201 610425.312500 497.054688 26.003183
68.327850 47.678951 608787.125000 499.554688 25.073503
67.834816 47.392189 567873.875000 500.890625 23.350641
67.515778 47.041142 603565.125000 496.921875 26.065344
68.135681 48.185661 640531.937500 498.406250 26.479015
67.861176 48.739555 608024.250000 503.562500 27.028547
68.998421 47.919403 622200.750000 500.625000 23.316908
66.951546 48.803757 574631.187500 498.062500 20.728441
67.047272 47.871494 606289.687500 507.156250 23.991957
67.187004 47.785263 587051.375000 508.929688 23.685318
67.576515 47.514328 581978.625000 507.703125 21.829588
67.894615 48.511330 606120.125000 500.140625 22.839102
66.919449 48.926781 637834.250000 498.578125 24.870718
67.235107 48.660999 603872.625000 503.195312 24.279535
66.922615 48.700844 606537.312500 501.242188 25.820814
67.056816 47.608551 614986.312500 501.179688 26.978415
67.068504 47.362152 572930.000000 500.515625 22.273720
67.240959 48.624706 621350.937500 500.742188 25.837440
67.401077 48.900230 600089.625000 500.218750 27.125895
67.177055 48.442116 592468.500000 502.507812 23.787865
66.771423 47.822582 621711.062500 494.945312 28.022604
66.081093 48.008465 603137.750000 501.257812 22.841509
67.081337 47.363228 619971.937500 499.484375 25.801113
67.751221 48.627766 603778.437500 497.757812 26.730186
67.763870 48.177647 621181.125000 500.789062 25.681828
67.106232 48.520424 620839.562500 498.320312 24.404099
67.302246 48.538105 640060.750000 502.445312 23.301510
66.588326 47.513248 613627.500000 501.359375 24.124880
67.294861 46.733189 606053.250000 497.289062 24.113014
67.735847 48.133266 650843.187500 498.718750 27.651070
66.672005 48.519054 610086.187500 503.085938 25.773939
67.351952 47.992874 661012.500000 493.429688 27.589451
67.149063 48.089771 615154.750000 494.968750 26.141256
67.354073 48.281704 641053.375000 500.851562 25.736683
66.406967 47.254330 622460.250000 498.406250 25.885479
67.540718 47.887035 598409.937500 499.289062 24.431522
66.674866 47.989140 583736.625000 503.546875 22.772818
67.986832 49.455952 640879.000000 503.500000 25.838173
66.969376 49.071419 622047.875000 498.406250 24.993507
67.303619 48.200966 594028.687500 507.804688 25.214434
65.670425 47.419224 605959.187500 503.484375 25.447412
66.915306 48.198967 623421.187500 502.054688 26.108395
66.619507 48.843323 633790.625000 493.351562 26.321669
67.762161 48.185501 604494.750000 503.140625 22.995764
66.837471 49.080193 630982.687500 498.718750 24.276094
66.997772 48.424271 627809.250000 497.578125 26.239820
65.926704 48.987274 624301.437500 502.015625 26.510721
66.707962 46.892715 618235.875000 498.679688 24.555285
67.706390 47.386017 639402.312500 500.023438 23.091642
67.717232 48.466202 619372.500000 502.140625 23.026077
67.402695 48.838028 606295.125000 501.968750 24.183977
66.679192 48.664871 635413.812500 499.320312 26.389244
67.303886 47.903790 590161.875000 502.023438 22.795185
67.085930 47.781746 621868.625000 501.906250 25.550983
67.277954 48.306190 606932.500000 499.250000 24.795137
67.104286 47.643555 600862.875000 503.398438 23.001945
68.267517 48.687355 605391.062500 507.195312 25.697138
67.116913 49.306934 603112.562500 500.335938 23.550295
68.172516 48.925323 629862.000000 496.609375 26.429703
66.758926 47.309078 611843.125000 501.632812 24.654726
67.125023 48.214470 624925.750000 498.531250 25.053576
68.120651 48.406723 612093.750000 502.914062 24.920357
68.121353 48.719303 614116.687500 506.984375 23.598133
68.209106 49.143349 604429.000000 502.109375 25.629396
67.743660 48.714184 612614.625000 496.570312 23.662220
67.817467 48.136875 622254.625000 501.523438 24.948030
67.892769 47.324646 632347.500000 496.609375 25.454023
67.796082 48.219997 612641.562500 497.070312 26.336250
68.885353 47.773891 610626.500000 501.296875 24.625387
67.990967 49.071087 597126.375000 505.687500 21.816992
68.589355 48.136227 618204.625000 502.937500 27.419817
67.624496 47.804279 601220.937500 505.570312 23.293125
67.806290 47.446690 634435.812500 501.406250 25.685802
67.485954 48.148327 623382.312500 498.054688 24.807934
68.595985 47.444233 610557.125000 504.125000 24.798946
67.859039 47.840702 605856.562500 510.335938 25.479427
69.029312 48.189770 585698.625000 502.070312 24.412165
67.898804 48.335712 646570.125000 498.414062 27.569302
68.260193 48.151920 601036.375000 507.125000 25.561848
67.782257 47.432045 590322.625000 500.007812 25.207689
68.426796 47.551670 622452.687500 502.765625 24.728699
69.086182 47.510498 621438.125000 496.820312 23.520184
68.417839 48.367474 624096.500000 506.343750 24.190681
69.180870 48.214230 611926.437500 493.718750 25.535482
68.511772 48.575077 635963.000000 498.257812 23.424740
67.730354 47.316517 603039.750000 500.093750 23.623217
68.064133 47.306087 608819.312500 505.757812 21.868105
68.929108 48.290047 620110.000000 502.015625 26.188328
68.634995 48.409378 616348.562500 498.109375 24.740520
69.332550 47.977879 587363.125000 511.328125 23.385532
67.824409 48.194103 615645.000000 500.476562 27.688833
68.801025 48.276794 627180.937500 502.671875 26.043732
68.293015 48.347435 623021.375000 508.445312 25.731878
68.317642 47.445381 593916.750000 502.671875 24.010384
68.125076 48.858803 627607.000000 494.398438 26.036125
69.557816 48.538948 618187.625000 499.937500 25.246727
68.597191 48.573608 622635.750000 502.929688 24.932526
69.199760 47.212528 584643.812500 500.093750 25.819715
67.926872 47.258427 626487.437500 507.312500 26.540661
68.632927 47.662441 588604.312500 506.085938 23.402479
68.689980 47.946815 611326.875000 498.109375 26.895742
69.161873 47.600071 624232.250000 501.125000 26.058310
68.450302 48.092915 615604.187500 500.351562 25.339834
68.682968 47.105385 617075.062500 504.695312 25.212080
68.879112 48.487240 615054.562500 496.921875 26.567589
67.995071 47.175751 594254.937500 501.937500 23.578236
68.270515 47.656498 601932.125000 498.085938 24.502245
67.519310 47.548714 590468.437500 500.562500 25.127722
68.712608 48.390995 621352.625000 500.710938 26.098478
68.527931 47.358189 580845.687500 499.828125 24.291899
68.147560 48.769741 593640.687500 498.257812 26.480896
66.721222 47.561920 603160.437500 502.867188 25.562511
67.918137 47.143345 629287.812500 502.523438 24.936167
68.341049 47.234619 605374.812500 502.734375 26.079395
68.546539 47.512825 625486.812500 497.992188 27.300325
68.055214 49.082382 613466.250000 503.945312 24.847795
68.510147 47.231678 572494.250000 504.875000 19.426298
68.359467 47.088406 594593.625000 498.687500 25.621944
68.455421 47.004940 592702.000000 501.500000 24.567999
67.844231 48.031780 621124.000000 503.210938 23.006102
68.032280 47.503738 613267.250000 502.453125 27.978996
68.614136 48.170513 568500.500000 503.781250 23.258774
68.836990 47.696674 616799.562500 504.429688 23.935804
67.802460 48.150646 569651.000000 502.039062 25.575327
67.011955 47.839512 617110.000000 499.054688 25.709089
67.966881 47.169853 600046.062500 507.132812 25.443996
68.719612 47.732063 595881.062500 504.734375 24.462976
68.977249 48.389549 608549.250000 503.578125 23.626621
68.576996 47.865364 592668.875000 497.406250 24.638374
67.709518 48.228394 602661.125000 502.765625 24.773798
68.163467 47.535450 588752.250000 500.203125 25.823580
68.138809 48.755985 603291.312500 495.765625 25.296127
67.780983 47.674541 592962.625000 501.031250 25.389774
67.775940 48.697216 619444.125000 496.242188 24.570288
68.377579 48.544224 604931.500000 505.242188 25.194759
69.044067 48.928848 607075.375000 498.781250 23.256371
67.185509 48.515045 598194.000000 494.750000 27.621254
67.580750 48.084766 594592.500000 500.320312 25.616552
67.625534 48.038555 625267.375000 501.093750 25.476480
68.631767 48.690594 601473.750000 504.929688 26.193359
68.148224 48.503540 569230.187500 498.390625 23.639435
67.868027 48.777466 599960.625000 508.523438 26.700104
67.146111 48.930611 610332.625000 505.312500 26.989708
68.985771 47.836758 586902.625000 499.007812 24.610830
67.263527 47.953072 603974.812500 501.765625 24.536688
68.562805 47.845680 599748.937500 501.117188 22.449709
67.617821 49.436821 605498.875000 503.085938 26.066612
68.727409 49.480293 607660.687500 501.164062 24.704071
68.475060 48.386780 600812.250000 505.031250 23.899931
67.412003 48.514065 617365.000000 497.742188 24.806166
65.708931 47.970863 617785.562500 502.687500 24.832676
68.176285 47.406940 591572.500000 501.773438 24.819149
68.112740 48.588360 614847.375000 497.875000 26.677332
68.190193 48.826744 632392.250000 499.687500 25.544699
67.609154 49.016506 640102.000000 499.492188 25.248951
66.891594 48.162323 623709.312500 501.218750 23.311810
67.632347 47.784969 634251.500000 498.250000 25.185522
67.052284 47.995739 627398.375000 500.781250 25.286316
68.000435 48.120983 580334.062500 507.789062 22.281586
67.591034 48.646095 624526.125000 494.476562 25.964174
69.021576 48.546242 583276.500000 500.789062 20.979681
68.289566 48.514137 622006.125000 503.687500 26.031881
67.640450 49.306377 618064.062500 502.882812 27.526726
66.188148 48.295486 626482.187500 499.539062 28.070337
68.533699 48.788006 619095.125000 499.226562 25.122551
68.593925 48.717865 615901.000000 505.312500 24.824038
67.845650 49.219902 639565.000000 489.250000 26.512957
67.515793 49.455627 609849.562500 497.359375 24.373762
67.247002 48.649231 574169.875000 499.726562 22.121389
67.670502 47.977627 599558.125000 500.093750 23.233887
68.140503 47.298801 604414.375000 498.554688 26.370996
67.017349 48.369167 596691.000000 503.367188 24.785341
67.743797 48.213699 619497.687500 502.289062 22.372091
68.300011 49.085346 616243.937500 501.562500 23.234674
67.957077 49.049122 613918.000000 495.093750 24.684847
67.519447 48.432430 596934.625000 499.898438 24.864239
66.769463 47.828953 617325.000000 499.867188 24.887495
67.082253 48.172741 641516.125000 498.593750 28.165052
68.783707 47.932030 601293.750000 506.515625 23.083698
68.203117 49.004021 653722.875000 500.007812 24.611465
67.653183 49.045353 640713.750000 497.414062 25.845160
67.861084 47.873650 609325.375000 498.445312 25.406006
67.637009 46.776409 616094.812500 498.695312 23.321926
67.506042 47.847519 610929.375000 498.117188 23.571445
68.067879 47.277699 618162.250000 502.617188 26.177822
67.502792 48.821259 608504.750000 508.320312 24.339064
68.123367 48.792393 602733.437500 503.757812 25.036650
67.671867 48.376587 621316.687500 502.351562 25.414991
66.828415 47.472038 594955.812500 499.835938 23.119030
67.508812 47.118046 604550.000000 500.390625 24.371311
68.333252 47.032738 581123.062500 505.906250 24.858475
68.862167 47.896824 587516.437500 507.343750 22.741678
67.292671 48.277264 591401.750000 500.703125 25.274204
67.550423 47.785839 606242.625000 501.015625 24.525003
66.745552 48.120010 579952.125000 506.078125 21.911146
68.418846 46.756001 582089.375000 505.531250 23.824383
67.414909 48.352367 607424.812500 500.117188 26.342375
68.355598 47.472939 592308.375000 502.101562 24.469839
67.299141 48.302975 631116.000000 494.500000 23.093168
68.216331 48.124660 607374.750000 498.664062 26.630793
67.418228 47.929310 605627.562500 501.937500 25.019600
67.301163 47.264843 631130.375000 500.203125 26.017773
67.060249 47.888508 607571.625000 494.656250 26.746941
67.606247 46.321690 599855.437500 500.507812 25.917149
68.260139 48.813183 612531.187500 502.156250 24.943521
68.182503 48.275951 599588.500000 499.632812 25.356346
67.057205 48.444519 601526.625000 502.921875 23.876621
67.430885 47.144821 588728.437500 506.492188 23.748266
67.777679 47.778946 615960.375000 498.398438 24.660820
67.704224 47.659363 598185.000000 499.679688 26.455868
68.657326 47.669537 584508.250000 499.664062 20.587078
67.309494 48.795849 609779.812500 502.773438 23.159599
68.401718 48.932552 602186.125000 504.507812 26.496613
67.559769 48.073990 614925.500000 498.843750 24.246607
67.157555 47.106468 594531.250000 499.367188 25.713636
66.814674 48.371967 623355.187500 510.437500 22.481344
68.220551 47.811073 597998.500000 495.195312 24.980463
68.353981 48.761257 629440.875000 501.781250 23.239012
68.475754 49.380535 617454.125000 508.289062 26.157179
66.219200 49.521893 617932.625000 498.218750 26.753796
67.676956 47.979061 584460.500000 510.554688 25.362566
67.396675 48.455894 621907.500000 498.781250 26.510803
67.157021 48.187374 608209.625000 501.882812 24.034164
67.724449 49.231491 579518.250000 501.343750 22.500544
67.068275 48.881447 619132.875000 499.398438 25.085331
67.236885 49.242287 639532.625000 493.656250 25.956625
67.607613 47.548683 616856.375000 501.625000 27.082964
66.411484 49.060070 604326.437500 499.054688 25.161892
66.968117 47.415390 591192.750000 501.226562 24.621647
67.503571 49.253971 616277.250000 509.554688 25.962229
66.911690 48.653946 598939.625000 503.132812 25.592207
67.749397 49.549789 609563.375000 502.140625 23.960320
67.077599 48.669041 628663.500000 498.125000 26.118731
67.077843 48.008446 594548.125000 496.601562 22.528643
67.095215 48.064857 612213.875000 499.718750 24.598021
66.732483 48.547550 602100.250000 503.531250 25.393965
67.543404 48.425510 611152.187500 503.320312 24.714685
67.637329 49.037632 596619.625000 499.984375 26.994085
67.909531 48.517418 637159.875000 497.710938 24.677591
67.567581 49.050293 600659.562500 499.414062 23.730928
67.275536 47.638836 596882.687500 506.898438 25.483036
66.866226 48.817924 613660.375000 500.031250 27.105453
67.629997 48.855453 627972.375000 508.914062 25.623646
68.886803 50.271362 638553.312500 494.445312 26.991510
67.409927 49.377785 614804.750000 503.546875 25.172108
67.178856 48.536388 629253.937500 502.742188 28.257362
67.398071 49.827110 571914.750000 506.984375 23.506012
68.020355 48.312218 631197.250000 505.125000 26.298063
67.395889 48.937767 605383.000000 496.250000 26.236748
67.432816 49.310558 629959.937500 503.640625 26.049700
67.865837 49.395786 628175.375000 493.226562 25.195009
68.698982 48.543808 576694.062500 498.195312 24.374172
67.664185 48.911263 601954.875000 496.671875 23.178175
68.015053 47.090801 582833.312500 498.070312 23.948555
67.297775 47.753502 611030.812500 502.695312 24.291107
67.306541 48.666306 619556.687500 503.257812 27.226622
68.568169 48.780422 629616.625000 500.960938 24.878534
67.813858 48.417068 595209.187500 503.718750 23.433867
67.747871 47.940163 587183.375000 501.039062 21.203733
67.137901 48.218887 599683.187500 503.015625 26.401524
67.679070 48.299664 599715.187500 504.890625 24.071941
67.102051 47.951813 614568.250000 503.375000 25.905983
68.842094 49.079159 595545.500000 507.031250 24.687401
67.945244 49.034008 614282.250000 500.718750 24.871567
68.662590 47.878918 591387.625000 509.125000 21.399036
68.272720 47.917736 616854.312500 501.679688 24.362553
68.337090 48.677372 620739.562500 502.492188 25.133160
68.309921 48.349197 570121.125000 498.796875 22.760199
68.196854 49.149536 599663.187500 497.156250 26.202543
68.420990 49.809811 580788.500000 491.718750 26.662409
69.165558 49.157070 615554.687500 498.585938 25.342768
67.665733 48.616791 598849.312500 504.101562 23.604507
68.680702 48.441319 605087.562500 497.523438 26.479128
68.436127 48.445850 602823.187500 500.304688 26.370409
68.778374 47.980919 608107.500000 507.679688 23.028685
68.441017 49.574764 607441.000000 501.250000 25.582813
69.033295 48.314980 578497.125000 497.507812 20.945742
68.266266 48.790600 603278.062500 498.382812 25.336454
68.651619 48.166557 588321.500000 500.515625 25.433310
67.857697 48.524387 604908.625000 502.656250 25.320633
68.330513 47.861359 614734.687500 499.843750 25.221237
69.123505 48.852211 572043.562500 499.234375 22.609404
68.827209 48.508057 619550.937500 499.929688 27.156792
68.111221 48.925388 605630.750000 502.132812 26.410618
67.946381 48.189854 583781.875000 502.125000 23.514484
68.088646 48.168457 612395.625000 499.578125 22.056684
67.354439 47.308422 599786.125000 502.695312 24.395803
